#LABEL,test_output.fld
#PLATEID,
#UTDATE,2020 12 03 #Target observing date
#UTTIME,05 49 24.49 #Target observing time
#CENTRE,00 43 13.05,-09 26 37.1 #Field centre
#EQUINOX,J2000.0
ID,RA,DEC,Re,Mstar,z,GAL_MAG_G,GAL_MAG_I,GAL_MU_0_G,GAL_MU_0_I,GAL_MU_0_R,GAL_MU_0_U,GAL_MU_0_Z,GAL_MU_E_G,GAL_MU_E_I,GAL_MU_E_R,GAL_MU_E_U,GAL_MU_E_Z,GAL_MU_R_at_2Re,GAL_MU_R_at_3Re,Dingoflag,Ellipticity_r,IFU_diam_2Re,MassHIpred,PRI_SAMI,SersicIndex_r,WALLABYflag,g_m_i,isel,mag,priority,remaining_observations,Tile_number,ALREADY_TILED,type, MagnetX, MagnetY
9008501745,10.5390601243691,-10.2937279572805,-99999.0,9.992387273996297,0.0507156848907471,16.87043,16.142696400000002,1e+20,1e+20,1e+20,1e+20,1e+20,1e+20,1e+20,1e+20,1e+20,1e+20,1e+20,1e+20,1e+20,1e+20,1e+20,1e+20,8.0,1e+20,1e+20,1e+20,9,16.4320965,,1.0,-999.0,False,1,-61978,-202404
9008501291,11.2140787395315,-9.06137407458656,-99999.0,9.996828119699764,0.0547903291881084,17.9637337,16.831234,1e+20,1e+20,1e+20,1e+20,1e+20,1e+20,1e+20,1e+20,1e+20,1e+20,1e+20,1e+20,1e+20,1e+20,1e+20,1e+20,8.0,1e+20,1e+20,1e+20,9,17.186487200000002,,1.0,-999.0,False,1,94775,89584
9008500110,10.5781644749178,-9.257911524293739,-99999.0,10.750234088149854,0.0556972622871399,16.401754399999998,15.1516304,1e+20,1e+20,1e+20,1e+20,1e+20,1e+20,1e+20,1e+20,1e+20,1e+20,1e+20,1e+20,1e+20,1e+20,1e+20,1e+20,8.0,1e+20,1e+20,1e+20,9,15.5789013,,1.0,-999.0,False,1,-52037,43262
9008500492,10.5428779305565,-8.930997055763779,-99999.0,10.257589525747877,0.0589566044509411,17.127439499999998,16.0574627,1e+20,1e+20,1e+20,1e+20,1e+20,1e+20,1e+20,1e+20,1e+20,1e+20,1e+20,1e+20,1e+20,1e+20,1e+20,1e+20,8.0,1e+20,1e+20,1e+20,9,16.4018211,,1.0,-999.0,False,1,-60662,120234
9008500647,10.8853942318325,-9.12648955855648,-99999.0,9.849630964924117,0.055378083139657995,18.3893108,17.2352962,1e+20,1e+20,1e+20,1e+20,1e+20,1e+20,1e+20,1e+20,1e+20,1e+20,1e+20,1e+20,1e+20,1e+20,1e+20,1e+20,8.0,1e+20,1e+20,1e+20,9,17.599329,,1.0,-999.0,False,1,18597,73960
9008501055,10.324568729807698,-9.968718889051779,-99999.0,9.93149967676517,0.053447000682354,18.1744576,17.026186,1e+20,1e+20,1e+20,1e+20,1e+20,1e+20,1e+20,1e+20,1e+20,1e+20,1e+20,1e+20,1e+20,1e+20,1e+20,1e+20,8.0,1e+20,1e+20,1e+20,9,17.397081399999998,,1.0,-999.0,False,1,-111309,-123907
9008500638,10.522855206551501,-9.74506964682593,-99999.0,9.70273057786309,0.0578333400189877,18.706909200000002,17.5683098,1e+20,1e+20,1e+20,1e+20,1e+20,1e+20,1e+20,1e+20,1e+20,1e+20,1e+20,1e+20,1e+20,1e+20,1e+20,1e+20,8.0,1e+20,1e+20,1e+20,9,17.965919500000002,,1.0,-999.0,False,1,-64705,-70409
9008500022,10.436679995487301,-9.33816317963635,-99999.0,10.140077341636905,0.046343207359314,17.6683273,16.5220451,1e+20,1e+20,1e+20,1e+20,1e+20,1e+20,1e+20,1e+20,1e+20,1e+20,1e+20,1e+20,1e+20,1e+20,1e+20,1e+20,8.0,1e+20,1e+20,1e+20,9,16.887664800000003,,1.0,-999.0,False,1,-84692,24578
9008500970,10.654862102755901,-9.9107824089141,-99999.0,9.650647919986856,0.0603981763124466,18.852264399999996,17.7054501,1e+20,1e+20,1e+20,1e+20,1e+20,1e+20,1e+20,1e+20,1e+20,1e+20,1e+20,1e+20,1e+20,1e+20,1e+20,1e+20,8.0,1e+20,1e+20,1e+20,9,18.0758076,,1.0,-999.0,False,1,-34377,-109345
9008500117,10.3660976620714,-9.39154819079998,-99999.0,9.746698176825156,0.049314521253109,17.9610004,17.061986899999997,1e+20,1e+20,1e+20,1e+20,1e+20,1e+20,1e+20,1e+20,1e+20,1e+20,1e+20,1e+20,1e+20,1e+20,1e+20,1e+20,8.0,1e+20,1e+20,1e+20,9,17.367822600000004,,1.0,-999.0,False,1,-100979,12101
9008501024,10.9795709256519,-9.72876844847273,-99999.0,10.40712777913386,0.0559148900210857,16.9985485,15.8428831,1e+20,1e+20,1e+20,1e+20,1e+20,1e+20,1e+20,1e+20,1e+20,1e+20,1e+20,1e+20,1e+20,1e+20,1e+20,1e+20,8.0,1e+20,1e+20,1e+20,9,16.218772899999998,,1.0,-999.0,False,1,40323,-66536
9008500903,10.2967702158869,-9.87172982991485,-99999.0,9.906043008417553,0.0592142976820469,18.0672302,16.9748669,1e+20,1e+20,1e+20,1e+20,1e+20,1e+20,1e+20,1e+20,1e+20,1e+20,1e+20,1e+20,1e+20,1e+20,1e+20,1e+20,8.0,1e+20,1e+20,1e+20,9,17.3135643,,1.0,-999.0,False,1,-117560,-100827
9008500359,10.3038814263812,-9.03814754350423,-99999.0,10.237980644490133,0.0553184784948826,17.4727955,16.299121900000003,1e+20,1e+20,1e+20,1e+20,1e+20,1e+20,1e+20,1e+20,1e+20,1e+20,1e+20,1e+20,1e+20,1e+20,1e+20,1e+20,8.0,1e+20,1e+20,1e+20,9,16.657100699999997,,1.0,-999.0,False,1,-116195,95218
9008500271,10.2362200734015,-9.20668230302127,-99999.0,9.584756655803247,0.0552890561521053,19.100254100000004,17.928644199999997,1e+20,1e+20,1e+20,1e+20,1e+20,1e+20,1e+20,1e+20,1e+20,1e+20,1e+20,1e+20,1e+20,1e+20,1e+20,1e+20,8.0,1e+20,1e+20,1e+20,9,18.3436451,,1.0,-999.0,False,1,-131725,55549
9008500256,10.4663133734832,-9.53289326064425,-99999.0,10.285254917952374,0.0558201037347317,17.5508862,16.3054619,1e+20,1e+20,1e+20,1e+20,1e+20,1e+20,1e+20,1e+20,1e+20,1e+20,1e+20,1e+20,1e+20,1e+20,1e+20,1e+20,8.0,1e+20,1e+20,1e+20,9,16.6901169,,1.0,-999.0,False,1,-77741,-20866
9008500428,10.60640941754,-9.61914132045458,-99999.0,9.913332142073633,0.0565545819699764,18.303442,17.1215496,1e+20,1e+20,1e+20,1e+20,1e+20,1e+20,1e+20,1e+20,1e+20,1e+20,1e+20,1e+20,1e+20,1e+20,1e+20,1e+20,8.0,1e+20,1e+20,1e+20,9,17.479984299999998,,1.0,-999.0,False,1,-45417,-40898
9008500025,10.4635835741447,-9.25927773481566,-99999.0,9.639750149032203,0.0508785285055637,19.0151463,17.829237,1e+20,1e+20,1e+20,1e+20,1e+20,1e+20,1e+20,1e+20,1e+20,1e+20,1e+20,1e+20,1e+20,1e+20,1e+20,1e+20,8.0,1e+20,1e+20,1e+20,9,18.2250881,,1.0,-999.0,False,1,-78536,43007
9008500733,10.7063250393696,-9.747947426225029,-99999.0,9.5160192904837,0.0518922843039036,19.297145800000003,18.1200657,1e+20,1e+20,1e+20,1e+20,1e+20,1e+20,1e+20,1e+20,1e+20,1e+20,1e+20,1e+20,1e+20,1e+20,1e+20,1e+20,8.0,1e+20,1e+20,1e+20,9,18.501976000000003,,1.0,-999.0,False,1,-22476,-70979
9008500855,10.395370677232199,-9.8680519562105,-99999.0,9.975670520382769,0.0545581057667732,18.011764499999998,16.881275199999997,1e+20,1e+20,1e+20,1e+20,1e+20,1e+20,1e+20,1e+20,1e+20,1e+20,1e+20,1e+20,1e+20,1e+20,1e+20,1e+20,8.0,1e+20,1e+20,1e+20,9,17.2588959,,1.0,-999.0,False,1,-94495,-99702
888993231374,10.2622547416668,-9.681314563036308,,,,,,,,,,,,,,,,,,,,,,,,,,18,16.0715809,8.0,,,,0,-125358,-55895
888530233487,10.6652669767335,-9.210394870695222,,,,,,,,,,,,,,,,,,,,,,,,,,18,16.963760399999998,8.0,,,,0,-32011,54325
888067497484,11.4764201338458,-8.762172488275649,,,,,,,,,,,,,,,,,,,,,,,,,,18,16.8312302,8.0,,,,0,158477,162629
888826396175,10.5006988588217,-9.077838254555628,,,,,,,,,,,,,,,,,,,,,,,,,,18,16.0233994,8.0,,,,0,-70153,85503
888530364479,10.9863690133292,-9.127771567832708,,,,,,,,,,,,,,,,,,,,,,,,,,17,15.7988701,7.0,,,,0,41873,73713
888067431994,11.3862578985941,-8.81241174503719,,,,,,,,,,,,,,,,,,,,,,,,,,17,17.0311108,7.0,,,,0,136361,149755
888067169844,10.776332561759501,-8.731913321396748,,,,,,,,,,,,,,,,,,,,,,,,,,17,16.5105095,7.0,,,,0,-6652,167799
888066907665,10.089211367833698,-8.84242873815302,,,,,,,,,,,,,,,,,,,,,,,,,,17,16.913829800000002,7.0,,,,0,-168517,143161
888456425994,10.4203972379021,-10.085600930503901,,,,,,,,,,,,,,,,,,,,,,,,,,17,17.190839800000003,7.0,,,,0,-89177,-151728
888530233491,10.6895216091201,-9.31339758225104,,,,,,,,,,,,,,,,,,,,,,,,,,17,16.7842293,7.0,,,,0,-26361,30276
888456557075,10.7359421330158,-10.0953736866001,,,,,,,,,,,,,,,,,,,,,,,,,,17,16.2419701,7.0,,,,0,-15737,-153382
888826461711,10.650689046536899,-9.06761968345836,,,,,,,,,,,,,,,,,,,,,,,,,,17,16.9926891,7.0,,,,0,-35469,87751
888752654340,10.4592374847213,-9.891042646410128,,,,,,,,,,,,,,,,,,,,,,,,,,17,16.654359799999998,7.0,,,,0,-79655,-104999
888918331479,11.073986565923299,-8.67798771744532,,,,,,,,,,,,,,,,,,,,,,,,,,17,17.2657909,7.0,,,,0,62992,181375
47993690130,11.343994934839,-9.72656604336971,,,,,,,,,,,,,,,,,,,,,,,,,,,14.017709699999997,,,,,2,124974,-66577
48530495499,11.2149409472334,-9.298347706246899,,,,,,,,,,,,,,,,,,,,,,,,,,,14.0461798,,,,,2,94592,33885
30713663559,10.4298476709762,-9.412194647360968,,,,,,,,,,,,,,,,,,,,,,,,,,,14.050669699999998,,,,,2,-86223,7291
29640314933,11.2927898023023,-10.1939518564848,,,,,,,,,,,,,,,,,,,,,,,,,,,14.1192799,,,,,2,114565,-178762
30714056759,11.3028680731708,-9.42973173578153,,,,,,,,,,,,,,,,,,,,,,,,,,,14.12778,,,,,2,115051,3172
48530102294,10.3297901469526,-9.1661159820119,,,,,,,,,,,,,,,,,,,,,,,,,,,14.1426802,,,,,2,-109807,64962
753047620,11.4741499155412,-9.769242006634828,,,,,,,,,,,,,,,,,,,,,,,,,,,14.167240099999999,,,,,2,155904,-77058
1826527273,10.8482282334248,-8.97826245780923,,,,,,,,,,,,,,,,,,,,,,,,,,,14.1784897,,,,,2,10046,108804
752916545,11.1707256090821,-9.90726991397937,,,,,,,,,,,,,,,,,,,,,,,,,,,14.190899800000002,,,,,2,84804,-108930
48530495509,11.250337828501,-9.11747828353708,,,,,,,,,,,,,,,,,,,,,,,,,,,14.2123098,,,,,2,103135,76398
29640052783,10.684858517912,-10.344627661135402,,,,,,,,,,,,,,,,,,,,,,,,,,,14.2145596,,,,,2,-27861,-214775
40918265858,10.8300535508796,-8.64796862439418,,,,,,,,,,,,,,,,,,,,,,,,,,,14.2200298,,,,,2,5872,188352
49067300897,11.0544020041822,-8.89034511333843,,,,,,,,,,,,,,,,,,,,,,,,,,,14.2483997,,,,,2,57907,129938
49067235352,10.9074528250596,-8.86776650257529,,,,,,,,,,,,,,,,,,,,,,,,,,,14.293049800000002,,,,,2,23797,135147
49067038737,10.4235238576584,-8.84170972401002,,,,,,,,,,,,,,,,,,,,,,,,,,,14.29354,,,,,2,-88779,141842
47993034811,9.87695587392427,-9.61445377450336,,,,,,,,,,,,,,,,,,,,,,,,,,,14.296850199999998,,,,,2,-218005,-41045
48530429980,11.1296737890528,-9.248296639017353,,,,,,,,,,,,,,,,,,,,,,,,,,,14.302760099999999,,,,,2,74907,45575
47993755663,11.5061353408022,-9.588038212972528,,,,,,,,,,,,,,,,,,,,,,,,,,,14.321900400000002,,,,,2,163166,-34222
47456557082,10.760338572292099,-9.971959438890009,,,,,,,,,,,,,,,,,,,,,,,,,,,14.3379402,,,,,2,-10069,-123822
49066907690,10.168122967949,-8.78079602382621,,,,,,,,,,,,,,,,,,,,,,,,,,,14.342459699999997,,,,,2,-149834,157748
29639921688,10.4417300371584,-10.2806517313398,,,,,,,,,,,,,,,,,,,,,,,,,,,14.382599800000001,,,,,2,-84879,-199561
47993624605,11.274756255427699,-9.69554254526659,,,,,,,,,,,,,,,,,,,,,,,,,,,14.403050400000001,,,,,2,108661,-59106
48530167870,10.5316522711014,-9.1482526143723,,,,,,,,,,,,,,,,,,,,,,,,,,,14.4598598,,,,,2,-62856,68904
48530429958,11.0102921001956,-9.183615964354168,,,,,,,,,,,,,,,,,,,,,,,,,,,14.474539800000002,,,,,2,47353,60633
47456294945,10.1659941410352,-10.0485399362418,,,,,,,,,,,,,,,,,,,,,,,,,,,14.4869499,,,,,2,-149298,-143969
47456753797,11.1906045904244,-9.976085886527809,,,,,,,,,,,,,,,,,,,,,,,,,,,14.4932003,,,,,2,89583,-125361
